version = 'MMult_1x4_5';
MY_MMult = [
40 8.707483e-01 2.333300e+02 
80 7.490856e-01 2.333300e+02 
120 2.194286e+00 2.333300e+02 
160 2.152391e+00 2.333300e+02 
200 2.106372e+00 2.333300e+02 
240 2.039389e+00 2.333300e+02 
280 1.976678e+00 2.333300e+02 
320 1.943304e+00 2.333300e+02 
360 1.919408e+00 2.333300e+02 
400 1.899899e+00 2.333300e+02 
440 1.857034e+00 2.333300e+02 
480 1.837534e+00 2.333300e+02 
520 1.839504e+00 2.333300e+02 
560 1.802049e+00 2.333300e+02 
600 1.791869e+00 2.333300e+02 
640 1.815452e+00 2.333300e+02 
680 1.771328e+00 2.333300e+02 
720 1.769913e+00 2.333300e+02 
760 1.785384e+00 2.333300e+02 
800 1.801434e+00 2.333300e+02 
840 1.768585e+00 2.333300e+02 
880 1.761146e+00 2.333300e+02 
920 1.759363e+00 2.333300e+02 
960 1.754318e+00 2.333300e+02 
1000 1.741607e+00 2.333300e+02 
1040 1.723377e+00 2.333300e+02 
1080 1.726309e+00 2.333300e+02 
1120 1.725215e+00 2.333300e+02 
1160 1.723878e+00 2.333300e+02 
1200 1.715393e+00 2.333300e+02 
1240 1.709278e+00 2.333300e+02 
1280 1.710783e+00 2.333300e+02 
1320 1.700139e+00 2.333300e+02 
1360 1.687515e+00 2.333300e+02 
1400 1.674513e+00 2.333300e+02 
1440 1.657456e+00 2.333300e+02 
1480 1.619638e+00 2.333300e+02 
1520 1.601747e+00 2.333300e+02 
1560 1.591109e+00 2.333300e+02 
1600 1.573761e+00 2.333300e+02 
1640 1.552186e+00 2.333300e+02 
1680 1.534930e+00 2.333300e+02 
1720 1.515399e+00 2.333300e+02 
1760 1.501356e+00 2.333300e+02 
1800 1.484311e+00 2.333300e+02 
1840 1.463016e+00 2.333300e+02 
1880 1.443657e+00 2.333300e+02 
1920 1.427910e+00 2.333300e+02 
1960 1.406738e+00 2.333300e+02 
2000 1.398349e+00 2.333300e+02 
];
