version = 'MMult_16x8_19';
MY_MMult = [
48 1.228800e+01 2.333300e+02
96 1.734776e+01 2.333300e+02
144 1.820722e+01 2.333300e+02
192 4.238256e+01 2.333300e+02
240 4.293168e+01 2.333300e+02
288 4.602673e+01 2.333300e+02
336 4.694685e+01 2.333300e+02
384 4.588582e+01 2.333300e+02
432 4.562624e+01 2.333300e+02
480 4.728174e+01 2.333300e+02
528 4.813537e+01 2.333300e+02
576 4.677019e+01 2.333300e+02
624 4.658626e+01 2.333300e+02
672 4.709621e+01 2.333300e+02
720 4.785538e+01 2.333300e+02
768 4.697551e+01 2.333300e+02
816 4.679515e+01 2.333300e+02
864 4.765924e+01 2.333300e+02
912 4.852860e+01 2.333300e+02
960 4.779386e+01 2.333300e+02
1008 4.740096e+01 2.333300e+02
1056 4.817771e+01 2.333300e+02
1104 4.875176e+01 2.333300e+02
1152 4.806640e+01 2.333300e+02
1200 4.802668e+01 2.333300e+02
1248 4.864703e+01 2.333300e+02
1296 4.848122e+01 2.333300e+02
1344 4.840233e+01 2.333300e+02
1392 4.815877e+01 2.333300e+02
1440 4.874399e+01 2.333300e+02
1488 4.915402e+01 2.333300e+02
1536 4.869299e+01 2.333300e+02
1584 4.851288e+01 2.333300e+02
1632 4.877174e+01 2.333300e+02
1680 4.880281e+01 2.333300e+02
1728 4.870681e+01 2.333300e+02
1776 4.841716e+01 2.333300e+02
1824 4.891685e+01 2.333300e+02
1872 4.917420e+01 2.333300e+02
1920 4.884991e+01 2.333300e+02
1968 4.843387e+01 2.333300e+02
];
