version = 'MMult_1x4_7';
MY_MMult = [
40 1.910448e+00 2.333300e+02 
80 2.438095e+00 2.333300e+02 
120 3.229907e+00 2.333300e+02 
160 3.629597e+00 2.333300e+02 
200 5.347594e+00 2.333300e+02 
240 5.313857e+00 2.333300e+02 
280 5.099187e+00 2.333300e+02 
320 5.031941e+00 2.333300e+02 
360 4.933488e+00 2.333300e+02 
400 4.589129e+00 2.333300e+02 
440 4.342577e+00 2.333300e+02 
480 4.049506e+00 2.333300e+02 
520 3.998806e+00 2.333300e+02 
560 3.940538e+00 2.333300e+02 
600 3.834512e+00 2.333300e+02 
640 3.680325e+00 2.333300e+02 
680 3.816154e+00 2.333300e+02 
720 3.600990e+00 2.333300e+02 
760 3.476170e+00 2.333300e+02 
800 3.440467e+00 2.333300e+02 
840 3.513871e+00 2.333300e+02 
880 3.385086e+00 2.333300e+02 
920 3.314511e+00 2.333300e+02 
960 3.159151e+00 2.333300e+02 
1000 3.107173e+00 2.333300e+02 
1040 2.981988e+00 2.333300e+02 
1080 2.863717e+00 2.333300e+02 
1120 2.800131e+00 2.333300e+02 
1160 2.463300e+00 2.333300e+02 
1200 2.400954e+00 2.333300e+02 
1240 2.385573e+00 2.333300e+02 
1280 2.173008e+00 2.333300e+02 
1320 2.215479e+00 2.333300e+02 
1360 2.278184e+00 2.333300e+02 
1400 2.126269e+00 2.333300e+02 
1440 2.011016e+00 2.333300e+02 
1480 1.984388e+00 2.333300e+02 
1520 1.858338e+00 2.333300e+02 
1560 1.813461e+00 2.333300e+02 
1600 1.734615e+00 2.333300e+02 
1640 1.745574e+00 2.333300e+02 
1680 1.678847e+00 2.333300e+02 
1720 1.629669e+00 2.333300e+02 
1760 1.589009e+00 2.333300e+02 
1800 1.574528e+00 2.333300e+02 
1840 1.551594e+00 2.333300e+02 
1880 1.518820e+00 2.333300e+02 
1920 1.494571e+00 2.333300e+02 
1960 1.523930e+00 2.333300e+02 
2000 1.465062e+00 2.333300e+02 
];
