version = 'MMult_8x8_17';
MY_MMult = [
48 1.105920e+01 2.333300e+02
96 1.486951e+01 2.333300e+02
144 1.584076e+01 2.333300e+02
192 4.067752e+01 2.333300e+02
240 3.451685e+01 2.333300e+02
288 4.269503e+01 2.333300e+02
336 4.214784e+01 2.333300e+02
384 4.462026e+01 2.333300e+02
432 4.386375e+01 2.333300e+02
480 4.468364e+01 2.333300e+02
528 4.503532e+01 2.333300e+02
576 4.555494e+01 2.333300e+02
624 4.496958e+01 2.333300e+02
672 4.492774e+01 2.333300e+02
720 4.539625e+01 2.333300e+02
768 4.570526e+01 2.333300e+02
816 4.522168e+01 2.333300e+02
864 4.563754e+01 2.333300e+02
912 4.617003e+01 2.333300e+02
960 4.671997e+01 2.333300e+02
1008 4.584568e+01 2.333300e+02
1056 4.623596e+01 2.333300e+02
1104 4.673670e+01 2.333300e+02
1152 4.703422e+01 2.333300e+02
1200 4.667684e+01 2.333300e+02
1248 4.702126e+01 2.333300e+02
1296 4.696757e+01 2.333300e+02
1344 4.718409e+01 2.333300e+02
1392 4.692015e+01 2.333300e+02
1440 4.683529e+01 2.333300e+02
1488 4.715800e+01 2.333300e+02
1536 4.769485e+01 2.333300e+02
1584 4.735563e+01 2.333300e+02
1632 4.722886e+01 2.333300e+02
1680 4.740873e+01 2.333300e+02
1728 4.788015e+01 2.333300e+02
1776 4.724859e+01 2.333300e+02
1824 4.739867e+01 2.333300e+02
1872 4.775018e+01 2.333300e+02
1920 4.817135e+01 2.333300e+02
1968 4.747278e+01 2.333300e+02
];
