version = 'MMult_4x4_11R';
MY_MMult = [
40 3.459459e+00 3.552714e-15
80 3.447811e+00 7.105427e-15
120 1.140594e+01 1.065814e-14
160 1.137778e+01 1.421085e-14
200 1.135557e+01 1.953993e-14
240 1.147696e+01 2.486900e-14
280 1.135057e+01 2.842171e-14
320 1.143535e+01 3.552714e-14
360 1.145635e+01 4.618528e-14
400 1.142041e+01 4.618528e-14
440 1.151524e+01 5.684342e-14
480 1.148054e+01 6.039613e-14
520 1.145483e+01 6.039613e-14
560 1.146468e+01 7.105427e-14
600 1.150129e+01 7.460699e-14
640 1.147113e+01 7.815970e-14
680 1.130745e+01 8.526513e-14
720 1.158490e+01 1.136868e-13
760 1.138040e+01 9.947598e-14
800 1.124447e+01 1.030287e-13
840 1.135459e+01 1.065814e-13
880 1.136962e+01 9.947598e-14
920 1.135660e+01 1.207923e-13
960 1.138891e+01 1.278977e-13
1000 1.129803e+01 1.456613e-13
1040 1.115816e+01 1.421085e-13
1080 1.125929e+01 1.563194e-13
1120 1.116995e+01 1.421085e-13
1160 1.124460e+01 1.634248e-13
1200 1.135057e+01 1.705303e-13
1240 1.139303e+01 1.634248e-13
1280 1.139797e+01 1.918465e-13
1320 1.133715e+01 1.918465e-13
1360 1.133492e+01 2.202682e-13
1400 1.127907e+01 1.989520e-13
1440 1.127229e+01 2.557954e-13
1480 1.098064e+01 2.629008e-13
1520 1.134120e+01 2.273737e-13
1560 1.140178e+01 2.273737e-13
1600 1.137553e+01 2.060574e-13
1640 1.140224e+01 2.273737e-13
1680 1.139381e+01 2.486900e-13
1720 1.154763e+01 2.344791e-13
1760 1.136328e+01 2.486900e-13
1800 1.141841e+01 2.486900e-13
1840 1.132537e+01 2.913225e-13
1880 1.135415e+01 2.771117e-13
1920 1.148741e+01 2.842171e-13
1960 1.153936e+01 2.984279e-13
2000 1.153800e+01 3.126388e-13
];
