version = 'MMult_24x8_20';
MY_MMult = [
48 1.228800e+01 2.333300e+02
96 1.862602e+01 2.333300e+02
144 1.804220e+01 2.333300e+02
192 4.423680e+01 2.333300e+02
240 4.670270e+01 2.333300e+02
288 4.541421e+01 2.333300e+02
336 4.835316e+01 2.333300e+02
384 4.847868e+01 2.333300e+02
432 4.998237e+01 2.333300e+02
480 5.064896e+01 2.333300e+02
528 4.950326e+01 2.333300e+02
576 5.042960e+01 2.333300e+02
624 5.051364e+01 2.333300e+02
672 5.115288e+01 2.333300e+02
720 5.135145e+01 2.333300e+02
768 5.049154e+01 2.333300e+02
816 5.121004e+01 2.333300e+02
864 5.122692e+01 2.333300e+02
912 5.182241e+01 2.333300e+02
960 5.218296e+01 2.333300e+02
1008 5.166167e+01 2.333300e+02
1056 5.192397e+01 2.333300e+02
1104 5.228267e+01 2.333300e+02
1152 5.259655e+01 2.333300e+02
1200 5.297770e+01 2.333300e+02
1248 5.229603e+01 2.333300e+02
1296 5.267407e+01 2.333300e+02
1344 5.267508e+01 2.333300e+02
1392 5.309818e+01 2.333300e+02
1440 5.330829e+01 2.333300e+02
1488 5.244081e+01 2.333300e+02
1536 5.277006e+01 2.333300e+02
1584 5.281521e+01 2.333300e+02
1632 5.303321e+01 2.333300e+02
1680 5.330491e+01 2.333300e+02
1728 5.260975e+01 2.333300e+02
1776 5.286054e+01 2.333300e+02
1824 5.077908e+01 2.333300e+02
1872 5.302141e+01 2.333300e+02
1920 5.318441e+01 2.333300e+02
1968 5.273011e+01 2.333300e+02
];
