version = 'MMult_1x4_6';
MY_MMult = [
40 1.910448e+00 2.333300e+02 
80 2.003914e+00 2.333300e+02 
120 1.922136e+00 2.333300e+02 
160 5.350751e+00 2.333300e+02 
200 5.331556e+00 2.333300e+02 
240 5.314879e+00 2.333300e+02 
280 5.217350e+00 2.333300e+02 
320 5.001221e+00 2.333300e+02 
360 4.883144e+00 2.333300e+02 
400 4.761550e+00 2.333300e+02 
440 4.454298e+00 2.333300e+02 
480 4.274252e+00 2.333300e+02 
520 4.136564e+00 2.333300e+02 
560 4.105768e+00 2.333300e+02 
600 4.002075e+00 2.333300e+02 
640 4.055226e+00 2.333300e+02 
680 3.738987e+00 2.333300e+02 
720 3.725792e+00 2.333300e+02 
760 3.846988e+00 2.333300e+02 
800 3.769640e+00 2.333300e+02 
840 3.463594e+00 2.333300e+02 
880 3.497347e+00 2.333300e+02 
920 3.376901e+00 2.333300e+02 
960 3.146550e+00 2.333300e+02 
1000 3.036745e+00 2.333300e+02 
1040 2.929452e+00 2.333300e+02 
1080 2.841772e+00 2.333300e+02 
1120 2.810351e+00 2.333300e+02 
1160 2.653396e+00 2.333300e+02 
1200 2.565542e+00 2.333300e+02 
1240 2.486598e+00 2.333300e+02 
1280 2.517803e+00 2.333300e+02 
1320 2.289247e+00 2.333300e+02 
1360 2.238372e+00 2.333300e+02 
1400 2.142264e+00 2.333300e+02 
1440 2.044165e+00 2.333300e+02 
1480 1.981899e+00 2.333300e+02 
1520 1.975826e+00 2.333300e+02 
1560 1.895308e+00 2.333300e+02 
1600 1.796989e+00 2.333300e+02 
1640 1.716005e+00 2.333300e+02 
1680 1.663504e+00 2.333300e+02 
1720 1.640237e+00 2.333300e+02 
1760 1.580379e+00 2.333300e+02 
1800 1.552999e+00 2.333300e+02 
1840 1.534421e+00 2.333300e+02 
1880 1.513322e+00 2.333300e+02 
1920 1.492926e+00 2.333300e+02 
1960 1.465563e+00 2.333300e+02 
2000 1.440239e+00 2.333300e+02 
];
