version = 'MMult_24x8_25';
MY_MMult = [
48 1.579886e+01 2.333300e+02
96 2.184533e+01 2.333300e+02
144 2.132846e+01 2.333300e+02
192 5.092006e+01 2.333300e+02
240 5.306718e+01 2.333300e+02
288 5.386217e+01 2.333300e+02
336 5.691381e+01 2.333300e+02
384 5.885978e+01 2.333300e+02
432 6.027781e+01 2.333300e+02
480 6.173151e+01 2.333300e+02
528 6.076283e+01 2.333300e+02
576 6.125095e+01 2.333300e+02
624 6.199812e+01 2.333300e+02
672 6.250555e+01 2.333300e+02
720 6.255728e+01 2.333300e+02
768 6.160126e+01 2.333300e+02
816 6.198956e+01 2.333300e+02
864 6.230114e+01 2.333300e+02
912 6.281212e+01 2.333300e+02
960 6.353352e+01 2.333300e+02
1008 6.277613e+01 2.333300e+02
1056 6.343885e+01 2.333300e+02
1104 6.350187e+01 2.333300e+02
1152 6.384331e+01 2.333300e+02
1200 6.430725e+01 2.333300e+02
1248 6.355704e+01 2.333300e+02
1296 6.388303e+01 2.333300e+02
1344 6.393605e+01 2.333300e+02
1392 6.427481e+01 2.333300e+02
1440 6.452624e+01 2.333300e+02
1488 6.366897e+01 2.333300e+02
1536 6.402217e+01 2.333300e+02
1584 6.381158e+01 2.333300e+02
1632 6.415947e+01 2.333300e+02
1680 6.429637e+01 2.333300e+02
1728 6.342498e+01 2.333300e+02
1776 6.338474e+01 2.333300e+02
1824 6.375446e+01 2.333300e+02
1872 6.403669e+01 2.333300e+02
1920 6.419183e+01 2.333300e+02
1968 6.336209e+01 2.333300e+02
];
