version = 'MMult_24x8_21';
MY_MMult = [
48 7.899429e+00 2.333300e+02 
96 1.016938e+01 2.333300e+02 
144 2.066425e+01 2.333300e+02 
192 2.339798e+01 2.333300e+02 
240 2.479641e+01 2.333300e+02 
288 2.417801e+01 2.333300e+02 
336 2.556136e+01 2.333300e+02 
384 2.593821e+01 2.333300e+02 
432 2.670030e+01 2.333300e+02 
480 5.172685e+01 2.333300e+02 
528 4.995688e+01 2.333300e+02 
576 5.227105e+01 2.333300e+02 
624 5.191680e+01 2.333300e+02 
672 5.350691e+01 2.333300e+02 
720 5.374728e+01 2.333300e+02 
768 5.351268e+01 2.333300e+02 
816 5.293375e+01 2.333300e+02 
864 5.348696e+01 2.333300e+02 
912 5.440173e+01 2.333300e+02 
960 5.475699e+01 2.333300e+02 
1008 5.366057e+01 2.333300e+02 
1056 5.402008e+01 2.333300e+02 
1104 5.440615e+01 2.333300e+02 
1152 5.460085e+01 2.333300e+02 
1200 5.518122e+01 2.333300e+02 
1248 5.375010e+01 2.333300e+02 
1296 5.422773e+01 2.333300e+02 
1344 5.468444e+01 2.333300e+02 
1392 5.507133e+01 2.333300e+02 
1440 5.562149e+01 2.333300e+02 
1488 5.433930e+01 2.333300e+02 
1536 5.490559e+01 2.333300e+02 
1584 5.495993e+01 2.333300e+02 
1632 5.531078e+01 2.333300e+02 
1680 5.556198e+01 2.333300e+02 
1728 5.470534e+01 2.333300e+02 
1776 5.516178e+01 2.333300e+02 
1824 4.734597e+01 2.333300e+02 
1872 5.439957e+01 2.333300e+02 
1920 5.347796e+01 2.333300e+02 
1968 5.149171e+01 2.333300e+02 
];
