version = 'MMult_1x4_8';
MY_MMult = [
40 2.031746e+00 2.333300e+02 
80 1.973025e+00 2.333300e+02 
120 2.338295e+00 2.333300e+02 
160 5.385930e+00 2.333300e+02 
200 5.412720e+00 2.333300e+02 
240 5.223503e+00 2.333300e+02 
280 5.175528e+00 2.333300e+02 
320 5.015382e+00 2.333300e+02 
360 4.904189e+00 2.333300e+02 
400 4.611782e+00 2.333300e+02 
440 4.474420e+00 2.333300e+02 
480 4.362087e+00 2.333300e+02 
520 4.010611e+00 2.333300e+02 
560 3.933654e+00 2.333300e+02 
600 4.012819e+00 2.333300e+02 
640 4.228061e+00 2.333300e+02 
680 3.655548e+00 2.333300e+02 
720 3.696861e+00 2.333300e+02 
760 3.927705e+00 2.333300e+02 
800 3.854406e+00 2.333300e+02 
840 3.340231e+00 2.333300e+02 
880 3.348872e+00 2.333300e+02 
920 3.268537e+00 2.333300e+02 
960 3.076166e+00 2.333300e+02 
1000 3.016050e+00 2.333300e+02 
1040 2.846539e+00 2.333300e+02 
1080 2.776861e+00 2.333300e+02 
1120 2.701439e+00 2.333300e+02 
1160 2.489819e+00 2.333300e+02 
1200 2.410190e+00 2.333300e+02 
1240 2.324859e+00 2.333300e+02 
1280 2.330968e+00 2.333300e+02 
1320 2.222524e+00 2.333300e+02 
1360 2.213203e+00 2.333300e+02 
1400 2.025445e+00 2.333300e+02 
1440 2.067998e+00 2.333300e+02 
1480 1.817002e+00 2.333300e+02 
1520 1.851754e+00 2.333300e+02 
1560 1.807066e+00 2.333300e+02 
1600 1.749183e+00 2.333300e+02 
1640 1.687521e+00 2.333300e+02 
1680 1.664102e+00 2.333300e+02 
1720 1.610481e+00 2.333300e+02 
1760 1.568047e+00 2.333300e+02 
1800 1.544908e+00 2.333300e+02 
1840 1.504276e+00 2.333300e+02 
1880 1.458033e+00 2.333300e+02 
1920 1.427663e+00 2.333300e+02 
1960 1.412256e+00 2.333300e+02 
2000 1.407774e+00 2.333300e+02 
];
