version = 'MMult0';
MY_MMult = [
48 8.253134e-01 2.333300e+02
96 9.968856e-01 2.333300e+02
144 1.287340e+00 2.333300e+02
192 1.783293e+00 2.333300e+02
240 1.736247e+00 2.333300e+02
288 1.654399e+00 2.333300e+02
336 1.630127e+00 2.333300e+02
384 1.620349e+00 2.333300e+02
432 1.614369e+00 2.333300e+02
480 1.606718e+00 2.333300e+02
528 1.613243e+00 2.333300e+02
576 1.516275e+00 2.333300e+02
624 1.586519e+00 2.333300e+02
672 1.389457e+00 2.333300e+02
720 1.438349e+00 2.333300e+02
768 1.365313e+00 2.333300e+02
816 1.366336e+00 2.333300e+02
864 1.339318e+00 2.333300e+02
912 1.310669e+00 2.333300e+02
960 1.281968e+00 2.333300e+02
1008 1.268457e+00 2.333300e+02
1056 1.245670e+00 2.333300e+02
1104 1.256356e+00 2.333300e+02
1152 1.187809e+00 2.333300e+02
1200 1.152360e+00 2.333300e+02
1248 1.072622e+00 2.333300e+02
1296 1.017258e+00 2.333300e+02
1344 9.108981e-01 2.333300e+02
1392 8.523177e-01 2.333300e+02
1440 7.751102e-01 2.333300e+02
1488 7.103722e-01 2.333300e+02
1536 6.632234e-01 2.333300e+02
1584 6.348787e-01 2.333300e+02
1632 6.039892e-01 2.333300e+02
1680 5.719501e-01 2.333300e+02
1728 5.623378e-01 2.333300e+02
1776 5.403598e-01 2.333300e+02
1824 5.247342e-01 2.333300e+02
1872 5.120654e-01 2.333300e+02
1920 4.985439e-01 2.333300e+02
1968 4.938854e-01 2.333300e+02
];
