version = 'MMult_4x4_11';
MY_MMult = [
40 2.064516e+00 2.333300e+02 
80 3.011765e+00 2.333300e+02 
120 3.018341e+00 2.333300e+02 
160 6.617124e+00 2.333300e+02 
200 6.560066e+00 2.333300e+02 
240 6.536170e+00 2.333300e+02 
280 6.482209e+00 2.333300e+02 
320 6.488713e+00 2.333300e+02 
360 6.495788e+00 2.333300e+02 
400 6.482654e+00 2.333300e+02 
440 6.509801e+00 2.333300e+02 
480 6.472857e+00 2.333300e+02 
520 6.457017e+00 2.333300e+02 
560 6.506947e+00 2.333300e+02 
600 6.507592e+00 2.333300e+02 
640 6.513946e+00 2.333300e+02 
680 6.522268e+00 2.333300e+02 
720 6.513813e+00 2.333300e+02 
760 6.517010e+00 2.333300e+02 
800 6.488199e+00 2.333300e+02 
840 6.489341e+00 2.333300e+02 
880 6.515870e+00 2.333300e+02 
920 6.514500e+00 2.333300e+02 
960 6.502543e+00 2.333300e+02 
1000 6.516547e+00 2.333300e+02 
1040 6.509667e+00 2.333300e+02 
1080 6.496793e+00 2.333300e+02 
1120 6.532878e+00 2.333300e+02 
1160 6.515733e+00 2.333300e+02 
1200 6.538619e+00 2.333300e+02 
1240 6.535409e+00 2.333300e+02 
1280 6.535556e+00 2.333300e+02 
1320 6.533397e+00 2.333300e+02 
1360 6.531302e+00 2.333300e+02 
1400 6.534072e+00 2.333300e+02 
1440 6.535355e+00 2.333300e+02 
1480 6.535752e+00 2.333300e+02 
1520 6.576007e+00 2.333300e+02 
1560 6.571110e+00 2.333300e+02 
1600 6.454480e+00 2.333300e+02 
1640 6.548926e+00 2.333300e+02 
1680 6.496165e+00 2.333300e+02 
1720 6.579969e+00 2.333300e+02 
1760 6.578673e+00 2.333300e+02 
1800 6.570842e+00 2.333300e+02 
1840 6.570919e+00 2.333300e+02 
1880 6.571115e+00 2.333300e+02 
1920 6.536707e+00 2.333300e+02 
1960 6.542220e+00 2.333300e+02 
2000 6.526127e+00 2.333300e+02 
];
