version = 'MMult_24x8_23';
MY_MMult = [
48 1.301082e+01 2.333300e+02 
96 1.923339e+01 2.333300e+02 
144 1.901901e+01 2.333300e+02 
192 4.200527e+01 2.333300e+02 
240 4.710051e+01 2.333300e+02 
288 4.427780e+01 2.333300e+02 
336 4.697592e+01 2.333300e+02 
384 4.898192e+01 2.333300e+02 
432 4.987415e+01 2.333300e+02 
480 5.262527e+01 2.333300e+02 
528 5.005882e+01 2.333300e+02 
576 5.063672e+01 2.333300e+02 
624 5.138429e+01 2.333300e+02 
672 5.266194e+01 2.333300e+02 
720 5.337070e+01 2.333300e+02 
768 5.164869e+01 2.333300e+02 
816 4.874521e+01 2.333300e+02 
864 5.324191e+01 2.333300e+02 
912 5.403551e+01 2.333300e+02 
960 5.455945e+01 2.333300e+02 
1008 5.300106e+01 2.333300e+02 
1056 5.369126e+01 2.333300e+02 
1104 5.387356e+01 2.333300e+02 
1152 5.458915e+01 2.333300e+02 
1200 5.517241e+01 2.333300e+02 
1248 5.358563e+01 2.333300e+02 
1296 5.425341e+01 2.333300e+02 
1344 5.478625e+01 2.333300e+02 
1392 5.546828e+01 2.333300e+02 
1440 5.580548e+01 2.333300e+02 
1488 5.484085e+01 2.333300e+02 
1536 5.491474e+01 2.333300e+02 
1584 5.531370e+01 2.333300e+02 
1632 5.573667e+01 2.333300e+02 
1680 5.609772e+01 2.333300e+02 
1728 5.476921e+01 2.333300e+02 
1776 5.551355e+01 2.333300e+02 
1824 5.554654e+01 2.333300e+02 
1872 5.576108e+01 2.333300e+02 
1920 5.634588e+01 2.333300e+02 
1968 5.533755e+01 2.333300e+02 
];
