version = 'MMult_24x8_22';
MY_MMult = [
48 1.228800e+01 2.333300e+02
96 1.769472e+01 2.333300e+02
144 1.872090e+01 2.333300e+02
192 4.847868e+01 2.333300e+02
240 5.177528e+01 2.333300e+02
288 5.023738e+01 2.333300e+02
336 5.294216e+01 2.333300e+02
384 5.428869e+01 2.333300e+02
432 5.548628e+01 2.333300e+02
480 5.664123e+01 2.333300e+02
528 5.480192e+01 2.333300e+02
576 5.558551e+01 2.333300e+02
624 5.586174e+01 2.333300e+02
672 5.644800e+01 2.333300e+02
720 5.732576e+01 2.333300e+02
768 5.601049e+01 2.333300e+02
816 5.682268e+01 2.333300e+02
864 5.704188e+01 2.333300e+02
912 5.781415e+01 2.333300e+02
960 5.848914e+01 2.333300e+02
1008 5.737612e+01 2.333300e+02
1056 5.799619e+01 2.333300e+02
1104 5.830291e+01 2.333300e+02
1152 5.869256e+01 2.333300e+02
1200 5.908904e+01 2.333300e+02
1248 5.834241e+01 2.333300e+02
1296 5.876684e+01 2.333300e+02
1344 5.887726e+01 2.333300e+02
1392 5.922702e+01 2.333300e+02
1440 5.961178e+01 2.333300e+02
1488 5.859910e+01 2.333300e+02
1536 5.881774e+01 2.333300e+02
1584 5.893419e+01 2.333300e+02
1632 5.888252e+01 2.333300e+02
1680 5.903647e+01 2.333300e+02
1728 5.804027e+01 2.333300e+02
1776 5.832036e+01 2.333300e+02
1824 5.862428e+01 2.333300e+02
1872 5.894113e+01 2.333300e+02
1920 5.919922e+01 2.333300e+02
1968 5.831538e+01 2.333300e+02
];
