version = 'MMult_4x4_13';
MY_MMult = [
40 2.327273e+00 2.333300e+02 
80 2.098361e+00 2.333300e+02 
120 4.261406e+00 2.333300e+02 
160 4.207499e+00 2.333300e+02 
200 6.993007e+00 2.333300e+02 
240 7.038697e+00 2.333300e+02 
280 6.958948e+00 2.333300e+02 
320 7.012948e+00 2.333300e+02 
360 7.046138e+00 2.333300e+02 
400 6.997977e+00 2.333300e+02 
440 7.033606e+00 2.333300e+02 
480 7.041834e+00 2.333300e+02 
520 7.015492e+00 2.333300e+02 
560 7.037166e+00 2.333300e+02 
600 7.040073e+00 2.333300e+02 
640 7.054752e+00 2.333300e+02 
680 7.040494e+00 2.333300e+02 
720 7.053994e+00 2.333300e+02 
760 7.069084e+00 2.333300e+02 
800 7.045064e+00 2.333300e+02 
840 7.057386e+00 2.333300e+02 
880 7.063899e+00 2.333300e+02 
920 7.047014e+00 2.333300e+02 
960 7.055536e+00 2.333300e+02 
1000 7.068037e+00 2.333300e+02 
1040 7.046409e+00 2.333300e+02 
1080 7.063225e+00 2.333300e+02 
1120 7.069620e+00 2.333300e+02 
1160 7.041483e+00 2.333300e+02 
1200 7.034656e+00 2.333300e+02 
1240 7.025092e+00 2.333300e+02 
1280 7.001487e+00 2.333300e+02 
1320 6.931310e+00 2.333300e+02 
1360 6.853805e+00 2.333300e+02 
1400 7.071163e+00 2.333300e+02 
1440 7.020484e+00 2.333300e+02 
1480 7.070915e+00 2.333300e+02 
1520 7.079387e+00 2.333300e+02 
1560 7.063408e+00 2.333300e+02 
1600 7.056977e+00 2.333300e+02 
1640 7.070764e+00 2.333300e+02 
1680 7.061322e+00 2.333300e+02 
1720 7.060968e+00 2.333300e+02 
1760 7.031116e+00 2.333300e+02 
1800 7.018177e+00 2.333300e+02 
1840 7.063799e+00 2.333300e+02 
1880 7.071196e+00 2.333300e+02 
1920 7.078001e+00 2.333300e+02 
1960 7.070817e+00 2.333300e+02 
2000 7.074484e+00 2.333300e+02 
];
