version = 'MMult_4x4_15';
MY_MMult = [
40 2.509804e+00 2.333300e+02 
80 2.275556e+00 2.333300e+02 
120 2.066986e+00 2.333300e+02 
160 6.860972e+00 2.333300e+02 
200 6.944444e+00 2.333300e+02 
240 6.987111e+00 2.333300e+02 
280 6.902059e+00 2.333300e+02 
320 6.977111e+00 2.333300e+02 
360 7.000675e+00 2.333300e+02 
400 6.978139e+00 2.333300e+02 
440 6.992612e+00 2.333300e+02 
480 7.019709e+00 2.333300e+02 
520 6.999253e+00 2.333300e+02 
560 7.009360e+00 2.333300e+02 
600 7.013215e+00 2.333300e+02 
640 7.040636e+00 2.333300e+02 
680 7.028769e+00 2.333300e+02 
720 7.032596e+00 2.333300e+02 
760 7.040626e+00 2.333300e+02 
800 7.042593e+00 2.333300e+02 
840 7.059320e+00 2.333300e+02 
880 7.074238e+00 2.333300e+02 
920 7.060144e+00 2.333300e+02 
960 7.061083e+00 2.333300e+02 
1000 7.080097e+00 2.333300e+02 
1040 7.053080e+00 2.333300e+02 
1080 7.066077e+00 2.333300e+02 
1120 7.076244e+00 2.333300e+02 
1160 6.990568e+00 2.333300e+02 
1200 7.051824e+00 2.333300e+02 
1240 7.056552e+00 2.333300e+02 
1280 7.067007e+00 2.333300e+02 
1320 7.047550e+00 2.333300e+02 
1360 7.053989e+00 2.333300e+02 
1400 7.062854e+00 2.333300e+02 
1440 7.054844e+00 2.333300e+02 
1480 7.085644e+00 2.333300e+02 
1520 7.068821e+00 2.333300e+02 
1560 7.056122e+00 2.333300e+02 
1600 7.058315e+00 2.333300e+02 
1640 7.065599e+00 2.333300e+02 
1680 7.084565e+00 2.333300e+02 
1720 7.092027e+00 2.333300e+02 
1760 7.098463e+00 2.333300e+02 
1800 7.088272e+00 2.333300e+02 
1840 7.092922e+00 2.333300e+02 
1880 7.095726e+00 2.333300e+02 
1920 7.100902e+00 2.333300e+02 
1960 7.093004e+00 2.333300e+02 
2000 7.097179e+00 2.333300e+02 
];
