version = 'MMult_4x4_10';
MY_MMult = [
40 2.909091e+00 2.333300e+02 
80 2.386946e+00 2.333300e+02 
120 2.400000e+00 2.333300e+02 
160 6.606452e+00 2.333300e+02 
200 6.512007e+00 2.333300e+02 
240 6.357324e+00 2.333300e+02 
280 6.239909e+00 2.333300e+02 
320 5.684448e+00 2.333300e+02 
360 5.285601e+00 2.333300e+02 
400 5.061089e+00 2.333300e+02 
440 4.832038e+00 2.333300e+02 
480 4.632029e+00 2.333300e+02 
520 4.724731e+00 2.333300e+02 
560 4.655039e+00 2.333300e+02 
600 4.520010e+00 2.333300e+02 
640 4.455958e+00 2.333300e+02 
680 4.581353e+00 2.333300e+02 
720 4.502877e+00 2.333300e+02 
760 4.467199e+00 2.333300e+02 
800 4.481538e+00 2.333300e+02 
840 4.488975e+00 2.333300e+02 
880 4.447235e+00 2.333300e+02 
920 4.426124e+00 2.333300e+02 
960 4.391850e+00 2.333300e+02 
1000 4.365583e+00 2.333300e+02 
1040 4.349141e+00 2.333300e+02 
1080 4.318578e+00 2.333300e+02 
1120 4.267833e+00 2.333300e+02 
1160 4.244870e+00 2.333300e+02 
1200 4.166586e+00 2.333300e+02 
1240 3.980384e+00 2.333300e+02 
1280 3.981644e+00 2.333300e+02 
1320 3.832881e+00 2.333300e+02 
1360 3.780455e+00 2.333300e+02 
1400 3.574690e+00 2.333300e+02 
1440 3.467355e+00 2.333300e+02 
1480 3.575556e+00 2.333300e+02 
1520 3.474236e+00 2.333300e+02 
1560 3.349434e+00 2.333300e+02 
1600 3.296963e+00 2.333300e+02 
1640 3.152961e+00 2.333300e+02 
1680 3.087605e+00 2.333300e+02 
1720 3.020949e+00 2.333300e+02 
1760 2.911074e+00 2.333300e+02 
1800 2.836584e+00 2.333300e+02 
1840 2.720559e+00 2.333300e+02 
1880 2.679048e+00 2.333300e+02 
1920 2.612338e+00 2.333300e+02 
1960 2.421844e+00 2.333300e+02 
2000 2.512555e+00 2.333300e+02 
];
