version = 'MMult_4x4_14R';
MY_MMult = [
40 3.200000e+00 3.552714e-15 
80 3.424749e+00 7.105427e-15 
120 1.200000e+01 1.065814e-14 
160 1.175323e+01 1.421085e-14 
200 1.197605e+01 1.953993e-14 
240 1.206283e+01 2.486900e-14 
280 1.179264e+01 2.842171e-14 
320 1.190481e+01 3.552714e-14 
360 1.200000e+01 4.618528e-14 
400 1.193473e+01 4.618528e-14 
440 1.195817e+01 5.684342e-14 
480 1.205625e+01 6.039613e-14 
520 1.191846e+01 6.039613e-14 
560 1.190617e+01 7.105427e-14 
600 1.202840e+01 7.460699e-14 
640 1.201063e+01 7.815970e-14 
680 1.193789e+01 8.526513e-14 
720 1.199499e+01 1.136868e-13 
760 1.207288e+01 9.947598e-14 
800 1.199948e+01 1.030287e-13 
840 1.197660e+01 1.065814e-13 
880 1.195817e+01 9.947598e-14 
920 1.163767e+01 1.207923e-13 
960 1.190337e+01 1.278977e-13 
1000 1.191632e+01 1.456613e-13 
1040 1.185715e+01 1.421085e-13 
1080 1.187383e+01 1.563194e-13 
1120 1.193322e+01 1.421085e-13 
1160 1.185677e+01 1.634248e-13 
1200 1.200655e+01 1.705303e-13 
1240 1.197873e+01 1.634248e-13 
1280 1.199339e+01 1.918465e-13 
1320 1.195136e+01 1.918465e-13 
1360 1.195442e+01 2.202682e-13 
1400 1.199385e+01 1.989520e-13 
1440 1.197267e+01 2.557954e-13 
1480 1.199349e+01 2.629008e-13 
1520 1.196631e+01 2.273737e-13 
1560 1.193573e+01 2.273737e-13 
1600 1.201125e+01 2.060574e-13 
1640 1.193831e+01 2.273737e-13 
1680 1.196367e+01 2.486900e-13 
1720 1.199710e+01 2.344791e-13 
1760 1.202376e+01 2.486900e-13 
1800 1.191854e+01 2.486900e-13 
1840 1.200285e+01 2.913225e-13 
1880 1.202615e+01 2.771117e-13 
1920 1.204077e+01 2.842171e-13 
1960 1.214204e+01 2.984279e-13 
2000 1.222053e+01 3.126388e-13 
];
