version = 'MMult_4x4_10R';
MY_MMult = [
40 3.555556e+00 2.333300e+02
80 3.447811e+00 2.333300e+02
120 3.462926e+00 2.333300e+02
160 1.161986e+01 2.333300e+02
200 1.135557e+01 2.333300e+02
240 1.020975e+01 2.333300e+02
280 9.583934e+00 2.333300e+02
320 8.425816e+00 2.333300e+02
360 8.001372e+00 2.333300e+02
400 7.659167e+00 2.333300e+02
440 7.205244e+00 2.333300e+02
480 6.977193e+00 2.333300e+02
520 7.211776e+00 2.333300e+02
560 6.947523e+00 2.333300e+02
600 6.698194e+00 2.333300e+02
640 6.692127e+00 2.333300e+02
680 6.818210e+00 2.333300e+02
720 6.652432e+00 2.333300e+02
760 6.657557e+00 2.333300e+02
800 6.641286e+00 2.333300e+02
840 6.567103e+00 2.333300e+02
880 6.456543e+00 2.333300e+02
920 6.414181e+00 2.333300e+02
960 6.405305e+00 2.333300e+02
1000 6.352292e+00 2.333300e+02
1040 6.251380e+00 2.333300e+02
1080 6.302010e+00 2.333300e+02
1120 6.200528e+00 2.333300e+02
1160 6.191084e+00 2.333300e+02
1200 6.101469e+00 2.333300e+02
1240 6.053620e+00 2.333300e+02
1280 5.979375e+00 2.333300e+02
1320 5.844387e+00 2.333300e+02
1360 5.680789e+00 2.333300e+02
1400 5.481433e+00 2.333300e+02
1440 5.324403e+00 2.333300e+02
1480 5.116703e+00 2.333300e+02
1520 4.845387e+00 2.333300e+02
1560 4.646770e+00 2.333300e+02
1600 4.484906e+00 2.333300e+02
1640 4.258188e+00 2.333300e+02
1680 4.138323e+00 2.333300e+02
1720 3.899709e+00 2.333300e+02
1760 3.772918e+00 2.333300e+02
1800 3.595437e+00 2.333300e+02
1840 3.487149e+00 2.333300e+02
1880 3.470732e+00 2.333300e+02
1920 3.368363e+00 2.333300e+02
1960 3.276707e+00 2.333300e+02
2000 3.221633e+00 2.333300e+02
];
