version = 'MMult_4x4_15R';
MY_MMult = [
40 3.200000e+00 3.552714e-15 
80 3.531034e+00 7.105427e-15 
120 1.037838e+01 1.065814e-14 
160 1.110027e+01 1.421085e-14 
200 1.187825e+01 1.953993e-14 
240 1.183562e+01 2.486900e-14 
280 1.197273e+01 2.842171e-14 
320 1.206702e+01 3.552714e-14 
360 1.202629e+01 4.618528e-14 
400 1.198614e+01 4.618528e-14 
440 1.214053e+01 5.684342e-14 
480 1.214896e+01 6.039613e-14 
520 1.208180e+01 6.039613e-14 
560 1.220785e+01 7.105427e-14 
600 1.227029e+01 7.460699e-14 
640 1.195149e+01 7.815970e-14 
680 1.224805e+01 8.526513e-14 
720 1.221461e+01 1.136868e-13 
760 1.227270e+01 9.947598e-14 
800 1.221330e+01 1.030287e-13 
840 1.229791e+01 1.065814e-13 
880 1.230216e+01 9.947598e-14 
920 1.223458e+01 1.207923e-13 
960 1.225489e+01 1.278977e-13 
1000 1.229906e+01 1.456613e-13 
1040 1.221152e+01 1.421085e-13 
1080 1.227484e+01 1.563194e-13 
1120 1.226958e+01 1.421085e-13 
1160 1.222569e+01 1.634248e-13 
1200 1.238235e+01 1.705303e-13 
1240 1.239774e+01 1.634248e-13 
1280 1.243486e+01 1.918465e-13 
1320 1.223329e+01 1.918465e-13 
1360 1.234225e+01 2.202682e-13 
1400 1.235780e+01 1.989520e-13 
1440 1.222749e+01 2.557954e-13 
1480 1.225285e+01 2.629008e-13 
1520 1.229577e+01 2.273737e-13 
1560 1.225162e+01 2.273737e-13 
1600 1.226841e+01 2.060574e-13 
1640 1.234521e+01 2.273737e-13 
1680 1.231703e+01 2.486900e-13 
1720 1.230018e+01 2.344791e-13 
1760 1.232381e+01 2.486900e-13 
1800 1.228752e+01 2.486900e-13 
1840 1.230284e+01 2.913225e-13 
1880 1.232516e+01 2.771117e-13 
1920 1.234445e+01 2.842171e-13 
1960 1.232561e+01 2.984279e-13 
2000 1.241881e+01 3.126388e-13 
];
