version = 'MMult2';
MY_MMult = [
48 6.429767e-01 2.333300e+02
96 5.845629e-01 2.333300e+02
144 1.714113e+00 2.333300e+02
192 1.695303e+00 2.333300e+02
240 1.678077e+00 2.333300e+02
288 1.660898e+00 2.333300e+02
336 1.647222e+00 2.333300e+02
384 1.613010e+00 2.333300e+02
432 1.571417e+00 2.333300e+02
480 1.579683e+00 2.333300e+02
528 1.526601e+00 2.333300e+02
576 1.562224e+00 2.333300e+02
624 1.501315e+00 2.333300e+02
672 1.538968e+00 2.333300e+02
720 1.458251e+00 2.333300e+02
768 1.428375e+00 2.333300e+02
816 1.402367e+00 2.333300e+02
864 1.312009e+00 2.333300e+02
912 1.306323e+00 2.333300e+02
960 1.201949e+00 2.333300e+02
1008 1.155780e+00 2.333300e+02
1056 1.116543e+00 2.333300e+02
1104 1.038927e+00 2.333300e+02
1152 1.035623e+00 2.333300e+02
1200 9.385334e-01 2.333300e+02
1248 9.326474e-01 2.333300e+02
1296 8.528547e-01 2.333300e+02
1344 8.248729e-01 2.333300e+02
1392 7.933619e-01 2.333300e+02
1440 7.500184e-01 2.333300e+02
1488 7.024623e-01 2.333300e+02
1536 6.555863e-01 2.333300e+02
1584 6.346800e-01 2.333300e+02
1632 5.943586e-01 2.333300e+02
1680 5.660648e-01 2.333300e+02
1728 5.361919e-01 2.333300e+02
1776 5.182732e-01 2.333300e+02
1824 5.042141e-01 2.333300e+02
1872 4.981968e-01 2.333300e+02
1920 4.897859e-01 2.333300e+02
1968 4.833720e-01 2.333300e+02
];
