version = 'MMult_24x8_24';
MY_MMult = [
48 7.899429e+00 2.333300e+02
96 2.239838e+01 2.333300e+02
144 2.305779e+01 2.333300e+02
192 5.166342e+01 2.333300e+02
240 5.464032e+01 2.333300e+02
288 5.504118e+01 2.333300e+02
336 5.657428e+01 2.333300e+02
384 5.731083e+01 2.333300e+02
432 5.884786e+01 2.333300e+02
480 5.969879e+01 2.333300e+02
528 5.850475e+01 2.333300e+02
576 5.929351e+01 2.333300e+02
624 5.988923e+01 2.333300e+02
672 6.033690e+01 2.333300e+02
720 6.082920e+01 2.333300e+02
768 5.914412e+01 2.333300e+02
816 6.011047e+01 2.333300e+02
864 6.089817e+01 2.333300e+02
912 6.156067e+01 2.333300e+02
960 6.209327e+01 2.333300e+02
1008 6.137851e+01 2.333300e+02
1056 6.196993e+01 2.333300e+02
1104 6.211674e+01 2.333300e+02
1152 6.264131e+01 2.333300e+02
1200 6.311868e+01 2.333300e+02
1248 6.223533e+01 2.333300e+02
1296 6.267729e+01 2.333300e+02
1344 6.200903e+01 2.333300e+02
1392 6.323061e+01 2.333300e+02
1440 6.352482e+01 2.333300e+02
1488 6.269725e+01 2.333300e+02
1536 6.298400e+01 2.333300e+02
1584 6.272046e+01 2.333300e+02
1632 6.278648e+01 2.333300e+02
1680 6.218101e+01 2.333300e+02
1728 6.230904e+01 2.333300e+02
1776 6.240466e+01 2.333300e+02
1824 6.249097e+01 2.333300e+02
1872 6.275908e+01 2.333300e+02
1920 6.298650e+01 2.333300e+02
1968 6.229811e+01 2.333300e+02
];
